Test 124


adaptor 1
0.91572995123738
0.945653801396941
0.948726598077248
0.902725667311739
0.877534566635039
0.961168781237985
0.933510700366403
0.881659282770173
0.881659282770173
0.881659282770173

adaptor 2
0.881659282770173
0.877534566635039
0.852272727272727
0.877534566635039
0.881659282770173
0.852272727272727
0.877534566635039
0.945653801396941
1
0.88999644001424

adaptor 3
0.877534566635039
0.877534566635039
0.933510700366403
0.88999644001424
0.881659282770173
0.892801785603571
0.902725667311739
0.861437739587371
0.899873455295349
0.852272727272727

adaptor 4
0.877534566635039
0.933510700366403
0.877534566635039
0.868231412612508
0.881659282770173
0.858663406925955
0.899873455295349
0.877534566635039
0.881659282770173
0.877534566635039


Test 125
adaptor 1
0.839111939863644
0.873438728273212
0.836750062756255
0.873438728273212
0.873438728273212
0.901523574841482
0.849455286797341
0.820220719117123
0.873438728273212
0.80749354005168

adaptor 2
0.82289052870145
0.852878464818763
0.857338820301783
0.852878464818763
0.836750062756255
0.873438728273212
0.814249363867684
0.790221014940116
0.80695053393227
0.774653342629174

adaptor 3
0.852272727272727
0.839307571253716
0.873438728273212
0.873438728273212
0.84167999326656
0.873438728273212
0.873438728273212
0.818984050285621
0.852272727272727
0.873438728273212

adaptor 4
0.846851593962889
0.790123456790123
0.848951986459216
0.839111939863644
0.806769694144645
0.846851593962889
0.865540662379035
0.80695053393227
0.817260542661
0.80695053393227

Test 126
adaptor 1
0.865332612222823
0.826446280991735
0.826636050516648
0.881659282770173
0.84167999326656
0.837832318334389
0.837832318334389
0.830215700416665
0.836555621653778
0.826446280991735

adaptor 2
0.869371498742128
0.826446280991735
0.837832318334389
0.806769694144645
0.845554234377064
0.83166999334664
0.836750062756255
0.857338820301783
0.884425270978076
0.868022067049882

adaptor 3
0.831477905784315
0.857338820301783
0.857338820301783
0.85207100591716
0.885813148788927
0.846851593962889
0.847050851286106
0.873438728273212
0.816704325810579
0.849455286797341

adaptor 4
0.84167999326656
0.892801785603571
0.836555621653778
0.861321805976497
0.830215700416665
0.832742991802686
0.830215700416665
0.845554234377064
0.873438728273212
0.827205882352941











