Hill Climbing Originals
T123,4,5 10000 gen
T126 5000 gen

Test 123
100
200
100
400
100
200
400
300
1300
100

Test 124
0.856220890719458
0.846851593962889
0.881659282770173
0.877534566635039
0.852272727272727
0.881659282770173
0.88999644001424
0.886031164915627
0.877534566635039
0.873438728273212

Test 125
0.814065238283679
0.845752881579913
0.806769694144645
0.8165190884018
0.778715120051914
0.857338820301783
0.841876824066452
0.79719387755102
0.826446280991735
0.80695053393227

Test 126
0.84167999326656
0.802139037433155
0.861321805976497
0.849455286797341
0.831477905784315
0.816704325810579
0.818984050285621
0.849455286797341
0.810405151925641
0.830215700416665











