Random T123,124,125 10000 gen
T126 5000 gen

Test 123

1500
900
700
300
900
2700
500
500
1200
1200

Test 124

0.858663406925955
0.778546712802768
0.830215700416665
0.852272727272727
0.826446280991735
0.807978790556748
0.808160172856481
0.781921964187974
0.807978790556748
0.817686560299273

Test 125

0.751779210798891
0.790123456790123
0.732748355895876
0.767877139657655
0.761652892561984
0.761652892561984
0.739061884115097
0.730513551026372
0.724309642372114
0.739061884115097

Test 126

0.750694000964433
0.750694000964433
0.811622433244055
0.79719387755102
0.783146683373796
0.787787542452995
0.783146683373796
0.758499939952088
0.750694000964433
0.777403052710626






























































