Fixed Rate adaptor, DYNAMIC
tn2 p=100 GA, all operators
Setting 10,20,40,80 layouts to larger sheets

40 30 tests (normal)

10 shapes
400
700
100
1000
300
100
100
300
700
300

20 shapes
0.836496335100432
0.826446280991735
0.82769989670995
0.79719387755102
0.834445927903872
0.863992569663901
0.830215700416665
0.791469280274112
0.82769989670995
0.845665961945032


40 shapes
0.790123456790123
0.857338820301783
0.872079819527926
0.826446280991735
0.826446280991735
0.793745287137358
0.865332612222823
0.0.811622433244055
0.814065238283679
0.782375258686403

80 shapes
0.786720163637794
0.814065238283679
0.845554234377064
0.797591274351459
0.820220719117123
0.839111939863644
0.818984050285621
0.804460734774324
0.806769694144645
0.796008899821727

80 30 tests (2xwidth)
10 shapes
1200
1900
400
3600
2100
400
1400
2000
300
4100

20 shapes
0.929152148664344
0.911572411767387
0.896609694592323
0.896609694592323
0.865800865800866
0.896609694592323
0.896609694592323
0.896609694592323
0.865800865800866
0.896609694592323

40 shapes
0.865800865800866
0.865800865800866
0.896609694592323
0.896609694592323
0.865800865800866
0.865800865800866
0.865800865800866
0.865800865800866
0.865800865800866
0.865800865800866

80 shapes
0.896609694592323
0.896609694592323
0.896609694592323
0.865800865800866
0.896609694592323
0.865800865800866
0.896609694592323
0.865800865800866
0.896609694592323
0.865800865800866

80 60 tests (2xwidth, 2xheight)
10 shapes
0.935942381047167
0.929454410261177
0.914903782618861
0.935942381047167
0.927614504025782
0.907770515613653
0.935942381047167
0.927614504025782
0.929454410261177
0.907770515613653

20 shapes
0.866851595006935
0.886917960088692
0.925780677414295
0.866851595006935
0.828912466843501
0.838135149292823
0.847529451648445
0.828912466843501
0.810964236477171
0.828912466843501

40 shapes
0.886917960088692
0.886917960088692
0.838135149292823
0.886917960088692
0.886917960088692
0.838135149292823
0.886917960088692
0.886917960088692
0.838135149292823
0.886917960088692

80 shapes
0.886917960088692
0.886917960088692
0.886917960088692
0.886917960088692
0.886917960088692
0.886917960088692
0.886917960088692
0.886917960088692
0.838135149292823
0.886917960088692

