Test 126

newga 1

0.85207100591716
0.84167999326656
0.845554234377064
0.83166999334664
0.85207100591716
0.821647677475898
0.849455286797341
0.818984050285621
0.831477905784315
0.873438728273212

newga 2

0.831477905784315
0.831477905784315
0.821460191126404
0.854698825501364
0.837832318334389
0.829147291106704
0.868231412612508
0.857338820301783
0.836750062756255
0.85207100591716

newga 3

0.826446280991735
0.869371498742128
0.820968914354128
0.865332612222823
0.816704325810579
0.814249363867684
0.892801785603571
0.877534566635039
0.84167999326656
0.816704325810579

newga 4

0.83166999334664
0.814249363867684
0.849455286797341
0.84167999326656
0.892801785603571
0.796184947128343
0.857338820301783
0.834010967244219
0.839111939863644
0.861321805976497




