Note: 
newga 1,3 were 10000 gen
newga 2,4 were 5000 gen


Test  123
newga 1
1000
300
400
100
700
200
200
300
200
300

newga 2
800
400
100
200
100
400
300
600
600
500

newga 3
500
300
600
1000
200
200
600
1500
100
300

newga 4
200
500
1200
300
100
100
300
200
1100
100

Test  124
newga 1
0.945653801396941
0.1.000000000000000
0.933510700366403
0.945653801396941
0.852272727272727
0.852272727272727
0.892801785603571
0.899873455295349
0.978680399002562
0.910145850872602


newga 2
0.933510700366403
0.892801785603571
0.852272727272727
0.902725667311739
0.921835990013443
0.902725667311739
0.877534566635039
0.852272727272727
0.881659282770173
0.877534566635039

newga 3
1.000000000000000
0.901297868931261
0.945653801396941
0.902725667311739
0.936524453694069
0.959600166597251
0.910145850872602
0.817686560299273
0.881659282770173
0.826446280991735

newga 4
0.945653801396941
0.901523574841482
0.818984050285621
0.877534566635039
0.877534566635039
0.945653801396941
0.877534566635039
0.933510700366403
0.852272727272727
0.902725667311739

Test  125
newga 1
0.848951986459216
0.873438728273212
0.821460191126404
0.873438728273212
0.82289052870145
0.873438728273212
0.865540662379035
0.873438728273212
0.873438728273212
0.865332612222823

newga 2
0.857338820301783
0.857543043896676
0.820407640046148
0.85207100591716
0.82289052870145
0.83166999334664
0.826446280991735
0.796713556579111
0.902725667311739
0.901523574841482

newga 3
0.836750062756255
0.873438728273212
0.790296910158608
0.857338820301783
0.873438728273212
0.79838150327475
0.885813148788927
0.832246788914473
0.865540662379035
0.858663406925955

newga 4
0.873438728273212
0.872079819527926
0.818984050285621
0.784682988072819
0.767597165007804
0.820220719117123
0.839111939863644
0.845752881579913
0.79719387755102
0.873438728273212


Test 126

newga 1
0.857338820301783
0.860196554912798
0.87890625
0.865332612222823
0.821647677475898
0.849455286797341
0.938036806219184
0.837832318334389


