newbeng2 1 for all
topmost, leftmost, flip-left on the beng tests
using one ga - instead of dynamic


Test 127
0.66730305104283
0.695148035573567
0.668157472362987
0.640011331914541
0.696887049750776
0.636084261850396
0.679467429577465
0.711140627339278
0.640161725067385
0.651011923797341

Test 128
0.425846354635248
0.444204198793266
0.432618720326012
0.541634117761937
0.377915672641992
0.353304140127388
0.358494605413571
0.398921227104169
0.423126799778782
0.46985266479255

Test 129
0.815718786118534
0.752118644067796
0.771403737505432
0.764057035243476
0.833536825891767
0.786485738022708
0.771403737505432
0.849282296650718
0.807047456663825
0.815718786118534


Test 130
0.671439336850038
0.617846399640526
0.680512841402065
0.607511045655376
0.591272525536647
0.671439336850038
0.629247953355142
0.633110769514994
0.625333370764437
0.639928370157744


Test 131
0.695988999428932
0.664752848299991
0.662222063344534
0.670733915058474
0.662411499678181
0.679534725049796
0.657642498082986
0.663907106762714
0.734472012750672
0.659710475240825


Test 132
0.421865715983363
0.39923526765632
0.423497805565596
0.456078954333007
0.357035100070401
0.468016664029953
0.426610906818564
0.43893271346967
0.405209510438425
0.48338779956427


Test 133
0.766327359937485
0.668298192771084
0.723091941140316
0.664614785526
0.728474103258639
0.671586590212997
0.697946464557099
0.670823885109599
0.672348484848485
0.711749480222387


Test 134
0.547169803596132
0.619737994344224
0.640833846384
0.573297587131367
0.606324282096625
0.601165897498178
0.576293944838773
0.651192976763154
0.556723640760168
0.617064499746064


Test 135
0.710238164614229
0.676823587439031
0.727786311724333
0.67159715047039
0.662766985081035
0.682790725103478
0.702217909304909
0.683629788176249
0.678583856847195
0.702217909304909


Test 136
0.401027987234884
0.397447380206001
0.42557986755475
0.39694963771357
0.415718126715569
0.429906994768456
0.538674557110884
0.452341088116044
0.427721149907227
0.427484225229999


Test 137
0.703668391810489
0.70943032744706
0.698687893657734
0.687526145360457
0.68502237176936
0.689856198989506
0.711749480222387
0.641832277474037
0.726232754529237
0.723248097017111


Test 138
0.609157878544448
0.614267553160686
0.58261086389443
0.626704211086545
0.622955816981034
0.616730635454051
0.567749170837701
0.610385597914139
0.61173767370329
0.584954267211836

