using p, o, h in different combinations, with beng tests


Test 119
newbeng 1
0.681241495973228
0.687524355619885
0.666837050582425
0.644291800712982
0.680353306278348
0.67594687294753
0.676415817723737
0.711140627339278
0.731259621837129
0.685717458496049

newbeng 2
0.672462610715842
0.738341968911917
0.693924183398262
0.688853769638375
0.776273885350318
0.756369426751592
0.693924183398262
0.695774647887324
0.720293016365524
0.70232439994389

newbeng 3
0.693002637337972
0.648475513704624
0.656942848631857
0.66535929401877
0.644161859358863
0.723788313895564
0.621587976928265
0.650164252021563
0.604838709677419
0.643139841688654

newbeng 4
0.693002637337972
0.672462610715842
0.672462610715842
0.672462610715842
0.611343768253685
0.656942848631857
0.630264966453913
0.68392003396526
0.609786204512912
0.660437225486281

newbeng 5
0.651770070296173
0.64332745280529
0.679644420311921
0.67159715047039
0.67159715047039
0.711577685845654
0.656075024525342
0.67159715047039
0.648366571234574
0.672462610715842

Test 120
newbeng 1
0.365395502032834
0.468090717299578
0.474942438314342
0.453756464431884
0.49763797187995
0.378642433550919
0.398724082934609
0.429067316431707
0.436506179943832
0.471673044217687

newbeng 2
0.511933088182277
0.485068100828578
0.465915951387248
0.477209547417154
0.587547955498621
0.505698005698005
0.532141336739038
0.551146384479718
0.481327215732214
0.540762856446502

newbeng 3
0.434895527068878
0.428247442578653
0.438476227177621
0.435791360282835
0.434105266247154
0.473522742430306
0.500288899223495
0.452604067061898
0.402092238826933
0.45404548128821

newbeng 4
0.510920751154249
0.468520688817797
0.509947568771098
0.467667695096471
0.471445664891109
0.443079841739369
0.452240821422202
0.466525789019954
0.45348751057073
0.504043708398646

newbeng 5
0.447063860868689
0.39923526765632
0.482033066110495
0.497308928306264
0.469342048552443
0.487932266754632
0.437624892596989
0.463398078529658
0.40981240981241
0.462634750516066

Test 121
newbeng 1
0.740819576000785
0.764057035243476
0.73909830007391
0.783456920903955
0.710444027517198
0.744820351429321
0.808258351244035
0.668298192771084
0.813657994333044
0.726232754529237

newbeng 2
0.842667457903716
0.876543209876543
0.780595066309352
0.793185309314342
0.793185309314342
0.810733656865544
0.842667457903716
0.810733656865544
0.824024372551864
0.824024372551864

newbeng 3
0.726232754529237
0.766327359937485
0.728793769326507
0.739004446516895
0.742755518359661
0.829640847308692
0.764057035243476
0.815718786118534
0.722499236796581
0.797303094209783

newbeng 4
0.856711915535445
0.793185309314342
0.824024372551864
0.824024372551864
0.821491133680905
0.856711915535445
0.808258351244035
0.837431538497377
0.835164421525128
0.852686924586447

newbeng 5
0.808258351244035
0.810733656865544
0.793185309314342
0.780595066309352
0.806188347171954
0.824024372551864
0.789108085579327
0.835164421525128
0.810733656865544
0.810733656865544

Test 122
newbeng 1
0.677081684218525
0.561251003921198
0.576006206127473
0.623390507392763
0.592688183487215
0.610409851508041
0.566328557430017
0.592548256770911
0.593899828895526
0.587308081209789

newbeng 2
0.626977924184694
0.671439336850038
0.715619540991506
0.621171418213592
0.707929445415541
0.671439336850038
0.640216672506778
0.709554968610222
0.677081684218525
0.690082484606746

newbeng 3
0.595000393995772
0.593844280833026
0.606642703561195
0.59324157360601
0.690082484606746
0.597156703033726
0.599763056570244
0.580883647245203
0.638860042327764
0.59076614611616

newbeng 4
0.649044765392049
0.653972152970277
0.677081684218525
0.671439336850038
0.695930641255956
0.642883736412377
0.695930641255956
0.671439336850038
0.655269118757416
0.695930641255956

newbeng 5
0.701663201663202
0.651192976763154
0.671439336850038
0.653841139351819
0.67382336147863
0.662574223557451
0.659731383444124
0.643645058525227
0.634985491306068
0.682819664593259







