Test 119

Beng 1
0.663907106762714
0.739323214948497
0.687524355619885
0.676823587439031
0.680353306278348
0.649214109236188
0.615468952456892
0.666450812152609
0.711815561959654
0.681241495973228


Beng 2
0.667971961403661
0.681815672375148
0.710238164614229
0.687524355619885
0.67594687294753
0.690252626872345
0.734472012750672
0.696127614001466
0.66730305104283
0.707196029776675

Beng 3
0.67594687294753
0.697839992164604
0.687567736092759
0.715687562296691
0.676823587439031
0.71936718986634
0.659710475240825
0.673259338406856
0.708768063542348
0.690636056235111


Beng 4
0.685316651437408
0.670733915058474
0.726402220967439
0.651474389407607
0.66730305104283
0.650890692526615
0.689245903591148
0.645171401406317
0.660719890432847
0.700589970501475


Beng 5
0.543557994190311
0.561952835397113
0.538584764956085
0.649851788188659
0.562089242476652
0.5171836176331
0.607187925072518
0.525088010703008
0.52902573592406
0.514029323950853

Test 120

Beng 1
0.429678044057129
0.479263419375742
0.437213655845115
0.397705630615491
0.448599359071564
0.517304189435337
0.469571129444226
0.434660169211367
0.389356848293411
0.490536107602895

Beng 2
0.423931215667542
0.483912301459643
0.394723382301271
0.4307206988595
0.342059215749755
0.45292513083795
0.39022996086708
0.464222198974788
0.402070379305268
0.439609973078533

Beng 3
0.447770983431212
0.401293181407126
0.436226188808525
0.449155587495508
0.393683323352629
0.438208308182645
0.459311472694903
0.427484225229999
0.385400382143477
0.400568694710236

Beng 4
0.428268107899435
0.411641929499072
0.446773539931486
0.429917407416378
0.481848561105184
0.457150215697637
0.37718448252414
0.459521941849116
0.447351176974646
0.444494528334961

Beng 5
0.295644121095832
0.299662015011801
0.292560555914503
0.325255990207504
0.30514010658415
0.290923990985454
0.317324675881894
0.337524339783376
0.294015338490335
0.371626572870213


Test 121

Beng 1
0.752118644067796
0.723091941140316
0.743337186123256
0.719971606753536
0.811474941425224
0.74225040915247
0.784121430590896
0.726232754529237
0.699679724069968
0.779424938085117

Beng 2
0.787226965295487
0.754338508874633
0.796793076204841
0.701669776414408
0.729394227820637
0.823283858998145
0.779424938085117
0.752118644067796
0.771403737505432
0.810733656865544

Beng 3
0.741901776384535
0.73002007041095
0.725183530162783
0.790052460596134
0.73425994870522
0.73002007041095
0.752118644067796
0.729394227820637
0.688637099887296
0.730452674897119

Beng 4
0.698687893657734
0.752118644067796
0.692033090878078
0.754338508874633
0.726232754529237
0.73002007041095
0.766327359937485
0.719971606753536
0.688637099887296
0.711749480222387

Beng 5
0.620534175045699
0.656163127698586
0.62482399324134
0.610096670247046
0.630795713254484
0.629947528032665
0.656163127698586
0.630795713254484
0.59824738793394
0.623913643321751

Test 122

Beng 1
0.562898008693015
0.578442718806292
0.59147532045438
0.57019255997901
0.617208692736749
0.602963657735902
0.567444842365818
0.577967939969175
0.580506450071667
0.553267809148479

Beng 2
0.561735415684208
0.590572579226869
0.557946256813081
0.621956531451036
0.586601005977932
0.581463137890949
0.560060577895354
0.594401551270191
0.62585783263536
0.564405938994749

Beng 3
0.542298028980991
0.560060577895354
0.561705196603123
0.604864166923502
0.624390617649161
0.597557458737685
0.626093995611018
0.562207774999106
0.578324951984749
0.576349861831279

Beng 4
0.560667212860989
0.543618854239373
0.595646632022747
0.612724872091104
0.589671808922509
0.611665861562144
0.592073786614215
0.539018985446487
0.575138028823603
0.565459619456042

Beng 5
0.49248395419844
0.466571292721907
0.472752277806429
0.520554603899427
0.524251999483005
0.465595408215521
0.480440171628399
0.479373747427603
0.481197647478168
0.497848801475108













