test 124
nnewga 1
0.995018687694728
0.89433439162903
0.945653801396941
0.933510700366403
0.858663406925955
0.910145850872602
0.933510700366403
0.945653801396941
0.933510700366403
0.995018687694728

nnewga 2
0.945653801396941
0.902725667311739
0.879765395894428
0.902725667311739
0.933510700366403
0.877534566635039
0.881659282770173
0.924556213017751
0.936524453694069
0.902725667311739

test 125
nnewga 1
0.873650695037664
0.901523574841482
0.873650695037664
0.831477905784315
0.873438728273212
0.873438728273212
0.836750062756255
0.873438728273212
0.839111939863644
0.80695053393227

nnewga 2
0.873438728273212
0.873438728273212
0.826636050516648
0.873438728273212
0.857338820301783
0.845752881579913
0.873438728273212
0.873438728273212
0.873438728273212
0.873438728273212


