Test 119
gbeng 1 hill
0.657250510899183
0.647138964577657
0.706651103176783
0.710238164614229
0.656796111341566
0.670605228005778
0.671901635776722
0.744238927813846
0.655840431633282
0.666000366704655

gbeng 2 sa
0.580924964250771
0.635604124135801
0.58917258224563
0.535908006075071
0.54833649064646
0.526344202116174
0.535130872357204
0.569054494071389
0.569912321181357
0.57556080283353

Test 120
gbeng 1 hill
0.423395272284903
0.432136335970785
0.371410396980172
0.460717057432599
0.410988084818679
0.415885660731022
0.443624676029022
0.4192649281935
0.417246992589458
0.447418834442428

gbeng 2 sa
0.294889686337055
0.326483314863268
0.299828042283355
0.345885906367224
0.318643994772443
0.314956438419362
0.315589218405519
0.306480464676184
0.328174977351304
0.331873712236511

Test 121
gbeng 1 hill
0.761173300399187
0.70943032744706
0.759375750351479
0.726232754529237
0.688637099887296
0.725183530162783
0.705675619801854
0.725183530162783
0.752118644067796
0.729394227820637

gbeng 2 sa
0.630795713254484
0.66599223227933
0.640240658347746
0.624367937387328
0.635062611806798
0.668750153059014
0.641109860495397
0.652573529411765
0.650604970988516
0.624367937387328

Test 112
gbeng 1 hill
0.578324951984749
0.617822693901098
0.56964902331725
0.555639512392549
0.59943164999112
0.59625144545805
0.542230484266796
0.564961004375119
0.564674567463084
0.55088141025641

gbeng 2 sa
0.473833674276132
0.477442067951098
0.527070481923435
0.476378199735951
0.509477656745862
0.518701890787734
0.543290474428966
0.491068722063922
0.517544827746444
0.521755628636479